20100123 tiden753159@ HwangMyunghan CS 12345234561765117652
20090421 41343141 KimJason EE 17651 17652 17653 17654
20110512 1413414 ParkHongsun CS 12345 23456 17652 17654
20100123 54252 KimYunmi CS 12345 17651 17652 17653
20100125 4314131 KimHokyung ME 12345 23456 17651 17654
20100323 313141 JungPhilsoo CS 12345 23456 17651 17655
20080678 231313 AhnJonghyuk EE 12345 17651 17652 17654
20110298 3141451 LeeMijung ME 12345 23456 17651 17652
20120808 4134156 KimSungsuk EE 12345 23456 17651 17652
20080603 62475375 ParkKitea ME 17651 17652 17653
20070452 41516 KoKyungmin CS 12345 17652 17655
20130091 6175366 KimChulmin CS 12345 23456 17651 17652
20110876 8785746 ParkKiyoung EE 12345 17651 17652 17654
20100128 431414 KimMinsu CS 12345 17651 17652 17653
20100131 jh4j2k4b KimJungMi CS 17651 17652 17653 17655
20130094 hjg2hjg42j JangGoyoung CS 12345 23456 17653
20130095 542hg5khk6 KimSoyoung EE 12345 23456 17651 17652